{
 "cells": [
  {
   "cell_type": "code",
   "execution_count": 39,
   "id": "cf6c2841",
   "metadata": {},
   "outputs": [],
   "source": [
    "import numpy as np"
   ]
  },
  {
   "cell_type": "markdown",
   "id": "b686e6fa",
   "metadata": {},
   "source": [
    "## <i><b> from ase.build import molecule</b></i>"
   ]
  },
  {
   "cell_type": "code",
   "execution_count": 40,
   "id": "1c81b671",
   "metadata": {},
   "outputs": [],
   "source": [
    "from ase.build import molecule \n",
    "h2o = molecule('H2O')"
   ]
  },
  {
   "cell_type": "code",
   "execution_count": 41,
   "id": "a92dd266",
   "metadata": {},
   "outputs": [
    {
     "name": "stdout",
     "output_type": "stream",
     "text": [
      "['O', 'H', 'H']\n",
      "[[ 0.        0.        0.119262]\n",
      " [ 0.        0.763239 -0.477047]\n",
      " [ 0.       -0.763239 -0.477047]]\n"
     ]
    }
   ],
   "source": [
    "ai = h2o.get_chemical_symbols(); print(ai)\n",
    "ri = h2o.get_positions(); print(ri)"
   ]
  },
  {
   "cell_type": "markdown",
   "id": "8381c89a",
   "metadata": {},
   "source": [
    "Note: Only molecules that exist in the ASE molecule library will work. <br>\n",
    "Example, C<sub>7</sub>H<sub>16</sub> molecule is NOT present in the library. <br>\n",
    "Solution: SMILES => RDKit/Obabel (initial geometry) => ASE  "
   ]
  },
  {
   "cell_type": "markdown",
   "id": "8f2e77d9",
   "metadata": {},
   "source": [
    "#### <i><b>ase.io</b></i>"
   ]
  },
  {
   "cell_type": "code",
   "execution_count": 42,
   "id": "f808330d",
   "metadata": {},
   "outputs": [],
   "source": [
    "from ase.io import read,write"
   ]
  },
  {
   "cell_type": "code",
   "execution_count": 43,
   "id": "dedce1df",
   "metadata": {},
   "outputs": [
    {
     "name": "stdout",
     "output_type": "stream",
     "text": [
      "['C', 'C', 'C', 'C', 'C', 'C', 'O', 'H', 'H', 'H', 'H', 'H', 'H']\n"
     ]
    }
   ],
   "source": [
    "mol = read('../_files_/phenol.xyz') # --- read the xyz file\n",
    "ai = mol.get_chemical_symbols(); print(ai)"
   ]
  },
  {
   "cell_type": "markdown",
   "id": "dddc8709",
   "metadata": {},
   "source": [
    "#### <i><b>get_distance()</b></i>"
   ]
  },
  {
   "cell_type": "code",
   "execution_count": 44,
   "id": "c8a14d3c",
   "metadata": {},
   "outputs": [
    {
     "name": "stdout",
     "output_type": "stream",
     "text": [
      "0.9709727090397546\n"
     ]
    }
   ],
   "source": [
    "dist = mol.get_distance(6,12); print(dist) # O-H bond length"
   ]
  },
  {
   "cell_type": "markdown",
   "id": "f04b4a44",
   "metadata": {},
   "source": [
    "#### <i><b>get_all_distances()</b></i>"
   ]
  },
  {
   "cell_type": "code",
   "execution_count": 45,
   "id": "acc4d840",
   "metadata": {},
   "outputs": [
    {
     "name": "stdout",
     "output_type": "stream",
     "text": [
      "[[0.   1.39 2.42 2.79 2.42 1.39 2.36 1.09 2.15 3.4  3.88 3.41 3.16]\n",
      " [1.39 0.   1.4  2.42 2.79 2.41 3.64 2.16 1.09 2.15 3.4  3.88 4.31]\n",
      " [2.42 1.4  0.   1.4  2.42 2.78 4.14 3.4  2.16 1.09 2.15 3.4  4.56]\n",
      " [2.79 2.42 1.4  0.   1.4  2.41 3.67 3.88 3.4  2.16 1.09 2.15 3.8 ]\n",
      " [2.42 2.79 2.42 1.4  0.   1.39 2.4  3.4  3.88 3.4  2.16 1.09 2.41]\n",
      " [1.39 2.41 2.78 2.41 1.39 0.   1.36 2.15 3.39 3.87 3.39 2.16 1.91]\n",
      " [2.36 3.64 4.14 3.67 2.4  1.36 0.   2.58 4.51 5.23 4.55 2.68 0.97]\n",
      " [1.09 2.16 3.4  3.88 3.4  2.15 2.58 0.   2.48 4.3  4.96 4.3  3.53]\n",
      " [2.15 1.09 2.16 3.4  3.88 3.39 4.51 2.48 0.   2.48 4.3  4.97 5.27]\n",
      " [3.4  2.15 1.09 2.16 3.4  3.87 5.23 4.3  2.48 0.   2.48 4.29 5.63]\n",
      " [3.88 3.4  2.15 1.09 2.16 3.39 4.55 4.96 4.3  2.48 0.   2.47 4.51]\n",
      " [3.41 3.88 3.4  2.15 1.09 2.16 2.68 4.3  4.97 4.29 2.47 0.   2.26]\n",
      " [3.16 4.31 4.56 3.8  2.41 1.91 0.97 3.53 5.27 5.63 4.51 2.26 0.  ]]\n"
     ]
    }
   ],
   "source": [
    "dists = mol.get_all_distances(); print(np.round(dists, 2))"
   ]
  },
  {
   "cell_type": "markdown",
   "id": "61940b39",
   "metadata": {},
   "source": [
    "#### <i><b>get_angle()</b></i>"
   ]
  },
  {
   "cell_type": "code",
   "execution_count": 46,
   "id": "7ca66db9",
   "metadata": {},
   "outputs": [
    {
     "name": "stdout",
     "output_type": "stream",
     "text": [
      "108.4706493715955\n"
     ]
    }
   ],
   "source": [
    "theta = mol.get_angle(5,6,12); print(theta)"
   ]
  },
  {
   "cell_type": "markdown",
   "id": "c808b3ab",
   "metadata": {},
   "source": [
    "#### <i><b>get_dihedral()</b></i>"
   ]
  },
  {
   "cell_type": "code",
   "execution_count": 47,
   "id": "b1800f27",
   "metadata": {},
   "outputs": [
    {
     "name": "stdout",
     "output_type": "stream",
     "text": [
      "358.8903545003642\n"
     ]
    }
   ],
   "source": [
    "theta = mol.get_dihedral(4,5,6,12); print(theta)"
   ]
  },
  {
   "cell_type": "markdown",
   "id": "d7bf6b52",
   "metadata": {},
   "source": [
    "#### <i><b>set_dihedral()</b></i>"
   ]
  },
  {
   "cell_type": "code",
   "execution_count": 48,
   "id": "a7900a62",
   "metadata": {},
   "outputs": [],
   "source": [
    "for dihedral in [0,90,120]:\n",
    "\n",
    "    new_mol = mol.copy() # --- Shallow Copy\n",
    "    new_mol.set_dihedral(4,5,6,12,dihedral)\n",
    "    \n",
    "    write(f\"../_files_/phenol_dihedral_{dihedral:03d}.xyz\", new_mol) # --- Save "
   ]
  },
  {
   "cell_type": "code",
   "execution_count": null,
   "id": "ffffcd33",
   "metadata": {},
   "outputs": [],
   "source": []
  }
 ],
 "metadata": {
  "kernelspec": {
   "display_name": "Python 3",
   "language": "python",
   "name": "python3"
  },
  "language_info": {
   "codemirror_mode": {
    "name": "ipython",
    "version": 3
   },
   "file_extension": ".py",
   "mimetype": "text/x-python",
   "name": "python",
   "nbconvert_exporter": "python",
   "pygments_lexer": "ipython3",
   "version": "3.12.3"
  }
 },
 "nbformat": 4,
 "nbformat_minor": 5
}
