[{"__ndarray__": [[9, 9], "float64", [69.39569419481325, 10.794610250496486, 7.106756970862057e-16, 10.601712763386253, 2.1195476991388222, 8.384650169140496e-17, -9.997406958198766, -12.91415794963686, -2.3848931746700892e-17, 10.794610250496486, 49.69615657024621, -3.4949590576661973e-15, -22.360809060510928, 5.363197426852247, -1.1702503821478124e-15, 11.566198810012777, 14.940646002904623, 4.5767970220303846e-17, 7.106756970862057e-16, -3.4949590576661973e-15, 70.0, -3.56154265187814e-15, -1.8765047310130776e-16, 5.006669226010562e-30, 2.8508669547756427e-15, 3.68260953078181e-15, 1.6761995558867665e-31, 10.601712763386253, -22.360809060510928, -3.56154265187814e-15, 45.69616470400508, 4.661081984158459, -1.1539316444139346e-15, 13.702122532606865, 17.699727076355856, 5.0283477036163664e-17, 2.1195476991388222, 5.363197426852247, -1.8765047310130776e-16, 4.661081984158459, 73.39568606105757, -2.1203290495164745e-16, -6.780629683296953, -8.758883487910513, -1.162112648152201e-17, 8.384650169140496e-17, -1.1702503821478124e-15, 5.006669226010562e-30, -1.1539316444139346e-15, -2.1203290495164745e-16, 70.0, 1.070085142722475e-15, 1.3822832870999294e-15, -2.8426151060815633e-33, -9.997406958198766, 11.566198810012777, 2.8508669547756427e-15, 13.702122532606865, -6.780629683296953, 1.070085142722475e-15, 66.29528442559294, -4.785569126717656, -2.6434545289457123e-17, -12.91415794963686, 14.940646002904623, 3.68260953078181e-15, 17.699727076355856, -8.758883487910513, 1.3822832870999294e-15, -4.785569126717656, 63.8182374850035, -3.414684373880581e-17, -2.3848931746700892e-17, 4.5767970220303846e-17, 1.6761995558867665e-31, 5.0283477036163664e-17, -1.162112648152201e-17, -2.8426151060815633e-33, -2.6434545289457123e-17, -3.414684373880581e-17, 70.0]]}, {"__ndarray__": [[9], "float64", [0.9575, 0.0, 0.0, -0.23990064248988774, 0.9269595092197603, 0.0, 0.0, 0.0, 0.0]]}, {"__ndarray__": [[9], "float64", [7.207674154581889, -0.13610009844767196, 0.0, -1.9376344031370956, 6.943677906931224, 0.0, -5.270039751444795, -6.807577808483552, 0.0]]}, 0.2]